n=500
001
002
001
001
001
n=1000
001
000
000
001
001
n=1500
002
003
001
002
002
n=2000
002
001
002
001
001
n=2500
002
001
002
001
002
n=3000
002
000
000
001
001
n=3500
002
003
001
000
001
n=4000
001
001
001
000
002
n=4500
003
001
001
000
000
n=5000
001
001
000
001
001
n=5500
001
001
000
001
001
n=6000
000
001
002
002
004
n=6500
003
001
002
000
000
n=7000
001
003
001
000
001
n=7500
000
001
002
001
002
n=8000
002
002
001
000
001
n=8500
000
001
001
002
004
n=9000
001
001
003
003
002
n=9500
001
004
002
003
002
n=10000
002
002
002
003
001
n=10500
003
003
002
002
002
n=11000
002
004
004
002
002
n=11500
003
003
003
003
003
n=12000
004
003
003
003
003
n=12500
003
002
003
003
003
n=13000
002
003
005
004
002
n=13500
003
001
000
001
003
n=14000
003
000
003
002
002
n=14500
005
006
004
001
003
n=15000
000
003
001
001
002
n=15500
005
003
001
003
004
n=16000
001
004
002
004
004
n=16500
002
001
002
002
003
n=17000
007
004
004
007
002
n=17500
003
002
004
003
003
n=18000
002
002
001
002
002
n=18500
004
002
004
001
001
n=19000
002
002
001
004
002
n=19500
004
000
004
003
003
n=20000
004
001
002
003
001
n=20500
001
002
002
003
002
n=21000
002
002
002
000
001
n=21500
002
004
003
002
001
n=22000
003
003
000
003
002
n=22500
002
000
003
002
001
n=23000
003
002
004
001
002
n=23500
003
003
003
001
003
n=24000
002
002
001
002
000
n=24500
000
006
002
002
002
n=25000
003
001
001
000
001
n=25500
000
004
004
004
006
n=26000
008
002
003
001
003
n=26500
003
002
005
003
003
n=27000
003
006
004
001
002
n=27500
004
002
000
006
003
n=28000
006
003
005
004
004
n=28500
002
005
002
001
002
n=29000
004
002
006
003
003
n=29500
002
004
008
003
002
n=30000
003
004
002
004
001
n=30500
003
006
002
002
003
n=31000
002
006
004
004
003
n=31500
004
002
002
002
003
n=32000
005
007
003
005
004
n=32500
003
003
006
002
004
n=33000
002
002
003
005
002
n=33500
004
004
002
006
005
n=34000
002
006
004
005
006
n=34500
002
002
006
002
003
n=35000
005
004
008
005
002
n=35500
007
002
007
002
002
n=36000
005
004
003
003
005
n=36500
004
009
004
007
004
n=37000
005
005
005
003
006
n=37500
007
005
003
003
003
n=38000
001
002
002
006
002
n=38500
004
006
005
008
004
n=39000
002
003
009
005
007
n=39500
003
004
006
004
006
n=40000
004
003
002
004
004
n=40500
007
008
005
006
005
n=41000
005
002
007
008
006
n=41500
003
004
007
003
003
n=42000
003
002
004
006
006
n=42500
003
004
003
003
007
n=43000
003
005
003
004
006
n=43500
002
006
005
002
003
n=44000
007
003
004
002
004
n=44500
004
002
004
001
006
n=45000
002
004
007
006
004
n=45500
007
014
006
005
005
n=46000
003
005
007
004
005
n=46500
005
005
007
004
003
n=47000
005
004
003
005
001
n=47500
006
005
004
016
004
n=48000
006
005
002
005
004
n=48500
004
005
003
003
003
n=49000
004
006
007
005
002
n=49500
007
007
009
004
003
n=50000
009
003
003
003
001
n=50500
003
004
006
005
006
n=51000
006
005
005
009
008
n=51500
006
009
010
006
007
n=52000
010
007
007
007
008
n=52500
004
006
006
006
006
n=53000
008
008
007
005
013
n=53500
009
012
009
008
009
n=54000
008
005
005
007
006
n=54500
008
011
005
008
006
n=55000
013
008
007
011
006
n=55500
010
008
009
007
009
n=56000
010
007
012
004
010
n=56500
007
007
006
007
004
n=57000
005
004
005
007
007
n=57500
006
008
005
007
010
n=58000
004
008
006
011
005
n=58500
007
010
009
008
009
n=59000
008
006
009
009
009
n=59500
006
007
005
009
010
n=60000
013
007
011
011
010
n=60500
008
009
005
009
007
n=61000
008
008
004
011
011
n=61500
013
005
010
007
007
n=62000
010
010
007
014
006
n=62500
011
007
013
011
009
n=63000
016
013
013
005
007
n=63500
013
006
012
005
006
n=64000
010
012
011
006
009
n=64500
010
009
005
011
010
n=65000
010
012
010
011
005
n=65500
006
009
010
009
013
n=66000
006
004
011
006
006
n=66500
008
008
008
008
008
n=67000
014
008
007
007
010
n=67500
009
009
007
004
006
n=68000
010
013
017
013
012
n=68500
008
013
006
011
009
n=69000
010
009
012
007
012
n=69500
010
014
008
018
007
n=70000
013
012
011
008
005
n=70500
005
010
007
007
010
n=71000
013
010
009
008
016
n=71500
010
008
006
014
007
n=72000
009
013
015
010
012
n=72500
011
005
008
013
007
n=73000
009
010
007
011
008
n=73500
005
008
009
011
007
n=74000
010
013
006
007
008
n=74500
012
011
006
005
011
n=75000
011
010
009
009
012
n=75500
009
013
014
012
007
n=76000
007
013
008
016
012
n=76500
013
011
007
015
006
n=77000
013
012
009
012
013
n=77500
006
010
009
011
010
n=78000
011
012
016
010
007
n=78500
013
011
009
013
012
n=79000
009
005
009
007
010
n=79500
016
011
012
008
010
n=80000
008
010
013
010
018
n=80500
010
009
013
006
012
n=81000
008
010
015
011
008
n=81500
008
008
008
014
024
n=82000
016
021
017
012
007
n=82500
010
011
014
016
010
n=83000
009
014
012
013
014
n=83500
011
008
006
013
013
n=84000
008
010
014
007
007
n=84500
010
006
012
012
010
n=85000
012
012
007
013
008
n=85500
010
015
010
013
009
n=86000
012
010
013
013
012
n=86500
013
015
011
010
013
n=87000
011
016
014
011
014
n=87500
007
007
013
011
013
n=88000
016
010
012
008
010
n=88500
013
010
009
009
017
n=89000
014
013
008
008
013
n=89500
016
011
016
017
012
n=90000
012
009
020
011
012
n=90500
010
013
008
012
011
n=91000
012
014
014
008
008
n=91500
018
010
009
009
011
n=92000
012
014
013
016
013
n=92500
008
018
011
015
010
n=93000
008
014
014
012
015
n=93500
011
009
011
012
012
n=94000
011
013
012
012
012
n=94500
013
018
009
013
010
n=95000
008
011
008
012
012
n=95500
017
008
015
010
011
n=96000
008
010
013
013
009
n=96500
010
012
009
014
011
n=97000
009
013
013
016
011
n=97500
014
012
016
014
013
n=98000
007
015
010
012
011
n=98500
014
016
015
010
011
n=99000
014
012
014
012
014
n=99500
022
006
010
015
018
n=100000
009
010
013
021
012
