n=500
0,002
0,001
0,001
0,002
0,004
n=1500
0,001
0,001
0,002
0,001
0,000
n=2500
0,002
0,003
0,002
0,001
0,003
n=3500
0,002
0,000
0,002
0,000
0,002
n=4500
0,001
0,003
0,002
0,002
0,002
n=5500
0,002
0,001
0,001
0,002
0,000
n=6500
0,002
0,001
0,001
0,003
0,000
n=7500
0,001
0,002
0,003
0,003
0,002
n=8500
0,003
0,003
0,002
0,003
0,002
n=9500
0,001
0,002
0,003
0,003
0,003
n=10500
0,002
0,005
0,004
0,001
0,001
n=11500
0,001
0,002
0,002
0,002
0,002
n=12500
0,003
0,002
0,003
0,005
0,003
n=13500
0,002
0,004
0,003
0,002
0,003
n=14500
0,004
0,002
0,004
0,001
0,002
n=15500
0,004
0,001
0,003
0,003
0,004
n=16500
0,001
0,005
0,004
0,003
0,005
n=17500
0,004
0,002
0,006
0,003
0,002
n=18500
0,006
0,003
0,003
0,003
0,003
n=19500
0,003
0,005
0,001
0,004
0,004
n=20500
0,003
0,002
0,003
0,003
0,004
n=21500
0,006
0,004
0,004
0,001
0,006
n=22500
0,005
0,005
0,005
0,006
0,006
n=23500
0,009
0,006
0,006
0,007
0,008
n=24500
0,005
0,007
0,005
0,005
0,008
n=25500
0,005
0,007
0,004
0,006
0,006
n=26500
0,008
0,013
0,007
0,009
0,007
n=27500
0,010
0,009
0,011
0,007
0,003
n=28500
0,004
0,011
0,010
0,008
0,012
n=29500
0,009
0,006
0,015
0,004
0,009
n=30500
0,007
0,011
0,009
0,006
0,006
n=31500
0,005
0,009
0,006
0,008
0,008
n=32500
0,010
0,008
0,009
0,009
0,011
n=33500
0,009
0,009
0,009
0,008
0,008
n=34500
0,007
0,014
0,007
0,008
0,010
n=35500
0,008
0,007
0,009
0,010
0,009
n=36500
0,010
0,008
0,012
0,008
0,010
n=37500
0,009
0,008
0,011
0,010
0,011
n=38500
0,008
0,012
0,005
0,008
0,007
n=39500
0,008
0,012
0,013
0,012
0,010
n=40500
0,012
0,014
0,012
0,010
0,011
n=41500
0,016
0,009
0,005
0,007
0,012
n=42500
0,013
0,007
0,012
0,010
0,009
n=43500
0,009
0,012
0,012
0,009
0,011
n=44500
0,013
0,012
0,015
0,014
0,010
n=45500
0,006
0,006
0,014
0,011
0,014
n=46500
0,009
0,014
0,010
0,008
0,012
n=47500
0,015
0,009
0,012
0,012
0,014
n=48500
0,010
0,011
0,006
0,011
0,011
n=49500
0,008
0,008
0,009
0,012
0,012
n=50500
0,007
0,010
0,008
0,010
0,009
n=51500
0,010
0,016
0,014
0,022
0,014
n=52500
0,017
0,016
0,015
0,010
0,010
n=53500
0,014
0,012
0,017
0,019
0,015
n=54500
0,013
0,015
0,016
0,015
0,017
n=55500
0,016
0,010
0,014
0,019
0,028
n=56500
0,017
0,021
0,018
0,016
0,016
n=57500
0,015
0,016
0,018
0,018
0,022
n=58500
0,012
0,022
0,018
0,017
0,026
n=59500
0,013
0,015
0,016
0,019
0,016
n=60500
0,009
0,024
0,020
0,024
0,018
n=61500
0,023
0,021
0,016
0,016
0,019
n=62500
0,023
0,024
0,013
0,018
0,020
n=63500
0,021
0,033
0,015
0,014
0,017
n=64500
0,014
0,019
0,013
0,012
0,017
n=65500
0,017
0,019
0,023
0,022
0,014
n=66500
0,026
0,020
0,016
0,023
0,022
n=67500
0,011
0,017
0,019
0,018
0,014
n=68500
0,013
0,010
0,015
0,020
0,021
n=69500
0,018
0,024
0,019
0,014
0,012
n=70500
0,015
0,017
0,025
0,016
0,016
n=71500
0,018
0,019
0,014
0,019
0,020
n=72500
0,009
0,014
0,013
0,011
0,013
n=73500
0,018
0,015
0,023
0,018
0,024
n=74500
0,018
0,018
0,025
0,017
0,024
n=75500
0,015
0,008
0,008
0,015
0,009
n=76500
0,025
0,023
0,021
0,023
0,027
n=77500
0,022
0,016
0,017
0,011
0,024
n=78500
0,017
0,027
0,022
0,026
0,014
n=79500
0,026
0,018
0,014
0,033
0,012
n=80500
0,016
0,017
0,024
0,021
0,015
n=81500
0,011
0,022
0,020
0,016
0,022
n=82500
0,020
0,013
0,021
0,025
0,021
n=83500
0,022
0,014
0,015
0,025
0,014
n=84500
0,021
0,027
0,027
0,014
0,015
n=85500
0,025
0,020
0,020
0,014
0,015
n=86500
0,008
0,015
0,022
0,021
0,011
n=87500
0,028
0,020
0,022
0,018
0,016
n=88500
0,022
0,018
0,024
0,018
0,023
n=89500
0,021
0,019
0,023
0,020
0,026
n=90500
0,019
0,025
0,018
0,017
0,018
n=91500
0,016
0,015
0,019
0,015
0,010
n=92500
0,022
0,013
0,007
0,027
0,024
n=93500
0,021
0,023
0,019
0,029
0,014
n=94500
0,017
0,020
0,018
0,026
0,022
n=95500
0,013
0,013
0,019
0,037
0,023
n=96500
0,013
0,016
0,027
0,026
0,022
n=97500
0,017
0,029
0,015
0,021
0,024
n=98500
0,029
0,016
0,018
0,030
0,027
n=99500
0,026
0,009
0,015
0,016
0,012
n=100500
0,019
0,020
0,019
0,013
0,021
n=101500
0,027
0,013
0,010
0,020
0,022
n=102500
0,024
0,015
0,029
0,015
0,023
n=103500
0,038
0,029
0,034
0,045
0,032
n=104500
0,025
0,026
0,025
0,030
0,026
n=105500
0,017
0,031
0,032
0,036
0,031
n=106500
0,042
0,042
0,047
0,062
0,034
n=107500
0,032
0,036
0,040
0,030
0,026
n=108500
0,036
0,035
0,029
0,038
0,039
n=109500
0,038
0,029
0,022
0,029
0,028
n=110500
0,029
0,030
0,054
0,056
0,031
n=111500
0,032
0,045
0,039
0,037
0,034
n=112500
0,039
0,038
0,032
0,024
0,037
n=113500
0,041
0,034
0,025
0,025
0,023
n=114500
0,047
0,030
0,023
0,043
0,069
n=115500
0,050
0,044
0,042
0,031
0,043
n=116500
0,039
0,042
0,047
0,077
0,058
n=117500
0,050
0,030
0,045
0,055
0,029
n=118500
0,035
0,041
0,024
0,038
0,030
n=119500
0,041
0,038
0,026
0,035
0,030
n=120500
0,039
0,032
0,025
0,028
0,027
n=121500
0,033
0,027
0,027
0,043
0,046
n=122500
0,031
0,033
0,031
0,038
0,034
n=123500
0,029
0,033
0,041
0,025
0,032
n=124500
0,034
0,024
0,049
0,037
0,033
n=125500
0,038
0,045
0,034
0,046
0,043
n=126500
0,041
0,036
0,033
0,040
0,031
n=127500
0,033
0,043
0,027
0,049
0,038
n=128500
0,024
0,032
0,039
0,039
0,049
n=129500
0,033
0,045
0,041
0,035
0,043
n=130500
0,043
0,028
0,035
0,048
0,028
n=131500
0,037
0,043
0,050
0,030
0,037
n=132500
0,032
0,030
0,037
0,034
0,044
n=133500
0,042
0,038
0,034
0,041
0,034
n=134500
0,034
0,040
0,030
0,054
0,044
n=135500
0,029
0,024
0,039
0,028
0,030
n=136500
0,044
0,041
0,023
0,039
0,042
n=137500
0,049
0,037
0,032
0,030
0,039
n=138500
0,040
0,027
0,035
0,063
0,044
n=139500
0,026
0,028
0,042
0,034
0,035
n=140500
0,046
0,045
0,049
0,042
0,040
n=141500
0,045
0,041
0,038
0,034
0,048
n=142500
0,041
0,048
0,038
0,034
0,034
n=143500
0,051
0,032
0,037
0,041
0,046
n=144500
0,025
0,049
0,032
0,032
0,038
n=145500
0,037
0,044
0,047
0,045
0,037
n=146500
0,029
0,046
0,042
0,046
0,046
n=147500
0,047
0,032
0,046
0,036
0,032
n=148500
0,033
0,054
0,035
0,038
0,048
n=149500
0,030
0,029
0,034
0,034
0,033
n=150500
0,040
0,033
0,052
0,049
0,056
n=151500
0,040
0,032
0,057
0,041
0,045
n=152500
0,041
0,041
0,036
0,047
0,051
n=153500
0,045
0,049
0,036
0,040
0,041
n=154500
0,032
0,034
0,031
0,030
0,038
n=155500
0,033
0,053
0,030
0,036
0,034
n=156500
0,046
0,036
0,056
0,035
0,042
n=157500
0,036
0,037
0,038
0,050
0,045
n=158500
0,039
0,029
0,031
0,038
0,040
n=159500
0,035
0,031
0,037
0,044
0,035
n=160500
0,043
0,032
0,062
0,043
0,043
n=161500
0,065
0,037
0,040
0,039
0,041
n=162500
0,052
0,066
0,046
0,033
0,038
n=163500
0,037
0,053
0,077
0,043
0,047
n=164500
0,046
0,050
0,067
0,051
0,045
n=165500
0,047
0,057
0,045
0,050
0,065
n=166500
0,052
0,043
0,057
0,061
0,031
n=167500
0,042
0,034
0,036
0,040
0,044
n=168500
0,039
0,041
0,045
0,035
0,042
n=169500
0,042
0,049
0,050
0,069
0,047
n=170500
0,044
0,046
0,049
0,046
0,042
n=171500
0,047
0,052
0,036
0,044
0,051
n=172500
0,064
0,041
0,050
0,062
0,067
n=173500
0,050
0,051
0,053
0,055
0,053
n=174500
0,049
0,061
0,045
0,064
0,049
n=175500
0,043
0,055
0,053
0,053
0,054
n=176500
0,057
0,084
0,049
0,056
0,054
n=177500
0,061
0,052
0,046
0,059
0,057
n=178500
0,065
0,056
0,058
0,060
0,037
n=179500
0,057
0,047
0,046
0,038
0,056
n=180500
0,045
0,048
0,043
0,050
0,046
n=181500
0,048
0,054
0,043
0,067
0,052
n=182500
0,039
0,043
0,080
0,056
0,066
n=183500
0,067
0,064
0,050
0,069
0,056
n=184500
0,049
0,050
0,065
0,092
0,092
n=185500
0,051
0,066
0,061
0,055
0,061
n=186500
0,047
0,045
0,054
0,044
0,042
n=187500
0,050
0,049
0,045
0,038
0,043
n=188500
0,050
0,037
0,034
0,065
0,043
n=189500
0,059
0,045
0,049
0,045
0,050
n=190500
0,066
0,054
0,032
0,052
0,043
n=191500
0,051
0,076
0,053
0,052
0,045
n=192500
0,078
0,051
0,042
0,042
0,048
n=193500
0,049
0,044
0,055
0,049
0,035
n=194500
0,047
0,048
0,064
0,055
0,046
n=195500
0,046
0,053
0,044
0,048
0,051
n=196500
0,061
0,063
0,044
0,058
0,048
n=197500
0,054
0,051
0,050
0,055
0,057
n=198500
0,050
0,052
0,055
0,065
0,056
n=199500
0,053
0,040
0,046
0,029
0,063
n=200500
0,047
0,049
0,063
0,029
0,051
n=201500
0,066
0,049
0,057
0,055
0,053
n=202500
0,060
0,051
0,052
0,056
0,052
n=203500
0,048
0,057
0,044
0,054
0,056
n=204500
0,051
0,056
0,040
0,041
0,038
n=205500
0,064
0,054
0,059
0,059
0,071
n=206500
0,088
0,080
0,084
0,099
0,097
n=207500
0,105
0,099
0,088
0,101
0,096
n=208500
0,108
0,065
0,082
0,092
0,092
n=209500
0,113
0,115
0,108
0,106
0,102
n=210500
0,108
0,100
0,104
0,080
0,092
n=211500
0,099
0,081
0,094
0,075
0,086
n=212500
0,094
0,093
0,094
0,079
0,077
n=213500
0,110
0,082
0,137
0,101
0,103
n=214500
0,098
0,110
0,123
0,138
0,171
n=215500
0,094
0,192
0,117
0,130
0,129
n=216500
0,118
0,119
0,148
0,146
0,119
n=217500
0,229
0,169
0,172
0,168
0,241
n=218500
0,148
0,124
0,170
0,092
0,101
n=219500
0,092
0,112
0,089
0,086
0,094
n=220500
0,120
0,105
0,119
0,100
0,129
n=221500
0,127
0,128
0,131
0,103
0,137
n=222500
0,135
0,116
0,085
0,124
0,113
n=223500
0,107
0,129
0,108
0,090
0,110
n=224500
0,096
0,079
0,087
0,090
0,100
n=225500
0,120
0,100
0,109
0,117
0,099
n=226500
0,111
0,122
0,117
0,106
0,101
n=227500
0,102
0,102
0,098
0,127
0,104
n=228500
0,102
0,103
0,104
0,098
0,106
n=229500
0,126
0,115
0,119
0,103
0,125
n=230500
0,120
0,111
0,095
0,110
0,122
n=231500
0,109
0,102
0,100
0,109
0,110
n=232500
0,099
0,100
0,095
0,105
0,108
n=233500
0,136
0,130
0,115
0,127
0,114
n=234500
0,118
0,099
0,125
0,116
0,132
n=235500
0,109
0,114
0,108
0,107
0,092
n=236500
0,111
0,122
0,136
0,108
0,129
n=237500
0,113
0,101
0,115
0,112
0,123
n=238500
0,121
0,131
0,111
0,115
0,127
n=239500
0,126
0,110
0,127
0,109
0,117
n=240500
0,110
0,090
0,128
0,118
0,120
n=241500
0,108
0,159
0,130
0,159
0,130
n=242500
0,145
0,158
0,176
0,134
0,156
n=243500
0,154
0,124
0,094
0,099
0,107
n=244500
0,107
0,131
0,104
0,114
0,118
n=245500
0,115
0,102
0,121
0,111
0,135
n=246500
0,132
0,112
0,123
0,106
0,129
n=247500
0,139
0,132
0,129
0,117
0,124
n=248500
0,109
0,101
0,118
0,121
0,106
n=249500
0,111
0,123
0,135
0,105
0,118
n=250500
0,116
0,119
0,112
0,114
0,138
n=251500
0,101
0,122
0,131
0,116
0,099
n=252500
0,124
0,115
0,111
0,121
0,144
n=253500
0,106
0,098
0,106
0,134
0,120
n=254500
0,123
0,126
0,115
0,129
0,111
n=255500
0,124
0,120
0,122
0,099
0,111
n=256500
0,140
0,096
0,108
0,113
0,118
n=257500
0,148
0,132
0,119
0,118
0,131
n=258500
0,139
0,146
0,133
0,133
0,128
n=259500
0,163
0,160
0,161
0,148
0,137
n=260500
0,176
0,148
0,178
0,137
0,178
n=261500
0,120
0,152
0,149
0,115
0,118
n=262500
0,125
0,151
0,157
0,133
0,128
n=263500
0,116
0,143
0,147
0,138
0,129
n=264500
0,126
0,126
0,119
0,126
0,162
n=265500
0,136
0,141
0,138
0,140
0,123
n=266500
0,115
0,118
0,118
0,149
0,124
n=267500
0,131
0,110
0,153
0,131
0,113
n=268500
0,136
0,178
0,152
0,171
0,181
n=269500
0,149
0,137
0,144
0,126
0,150
n=270500
0,162
0,151
0,157
0,147
0,206
n=271500
0,203
0,137
0,143
0,136
0,178
n=272500
0,145
0,161
0,154
0,167
0,177
n=273500
0,199
0,166
0,171
0,191
0,157
n=274500
0,222
0,195
0,152
0,234
0,223
n=275500
0,155
0,153
0,153
0,178
0,160
n=276500
0,191
0,150
0,207
0,196
0,264
n=277500
0,184
0,148
0,165
0,258
0,197
n=278500
0,172
0,191
0,195
0,166
0,218
n=279500
0,215
0,145
0,170
0,185
0,232
n=280500
0,206
0,239
0,198
0,193
0,201
n=281500
0,201
0,127
0,194
0,193
0,153
n=282500
0,142
0,136
0,146
0,161
0,138
n=283500
0,132
0,135
0,130
0,137
0,235
n=284500
0,140
0,152
0,182
0,199
0,207
n=285500
0,232
0,210
0,201
0,183
0,150
n=286500
0,192
0,138
0,137
0,167
0,143
n=287500
0,161
0,155
0,150
0,181
0,148
n=288500
0,169
0,154
0,144
0,142
0,141
n=289500
0,145
0,148
0,162
0,162
0,166
n=290500
0,223
0,204
0,157
0,177
0,175
n=291500
0,153
0,264
0,210
0,171
0,161
n=292500
0,170
0,165
0,164
0,153
0,147
n=293500
0,140
0,196
0,191
0,149
0,135
n=294500
0,182
0,154
0,170
0,174
0,252
n=295500
0,212
0,193
0,170
0,233
0,251
n=296500
0,169
0,155
0,165
0,142
0,208
n=297500
0,175
0,263
0,298
0,259
0,232
n=298500
0,214
0,235
0,383
0,190
0,259
n=299500
0,276
0,271
0,263
0,227
0,276
n=300500
0,202
0,223
0,210
0,217
0,231
n=301500
0,285
0,202
0,176
0,228
0,168
n=302500
0,179
0,249
0,195
0,193
0,168
n=303500
0,242
0,259
0,224
0,206
0,225
n=304500
0,181
0,226
0,202
0,221
0,204
n=305500
0,218
0,187
0,204
0,216
0,232
n=306500
0,226
0,178
0,222
0,263
0,225
n=307500
0,206
0,243
0,214
0,199
0,194
n=308500
0,224
0,245
0,271
0,212
0,224
n=309500
0,202
0,197
0,227
0,239
0,214
n=310500
0,223
0,255
0,258
0,244
0,230
n=311500
0,225
0,240
0,241
0,246
0,245
n=312500
0,174
0,182
0,199
0,210
0,242
n=313500
0,226
0,224
0,207
0,235
0,271
n=314500
0,272
0,247
0,222
0,230
0,272
n=315500
0,227
0,248
0,255
0,203
0,255
n=316500
0,217
0,220
0,226
0,275
0,236
n=317500
0,221
0,240
0,228
0,253
0,278
n=318500
0,234
0,228
0,287
0,256
0,210
n=319500
0,206
0,244
0,233
0,293
0,240
n=320500
0,245
0,214
0,242
0,233
0,249
n=321500
0,287
0,287
0,293
0,214
0,318
n=322500
0,325
0,297
0,324
0,213
0,277
n=323500
0,235
0,188
0,183
0,192
0,198
n=324500
0,221
0,249
0,195
0,198
0,189
n=325500
0,223
0,237
0,225
0,211
0,176
n=326500
0,203
0,216
0,192
0,160
0,202
n=327500
0,183
0,233
0,203
0,194
0,198
n=328500
0,175
0,210
0,256
0,199
0,165
n=329500
0,208
0,190
0,198
0,179
0,203
n=330500
0,186
0,257
0,240
0,231
0,164
n=331500
0,240
0,175
0,183
0,170
0,174
n=332500
0,190
0,207
0,161
0,183
0,195
n=333500
0,175
0,195
0,190
0,229
0,143
n=334500
0,189
0,166
0,199
0,168
0,207
n=335500
0,169
0,146
0,153
0,228
0,227
n=336500
0,175
0,172
0,200
0,179
0,155
n=337500
0,190
0,197
0,188
0,181
0,203
n=338500
0,260
0,202
0,180
0,210
0,184
n=339500
0,196
0,206
0,183
0,183
0,181
n=340500
0,207
0,208
0,198
0,217
0,210
n=341500
0,200
0,213
0,209
0,201
0,187
n=342500
0,189
0,200
0,201
0,216
0,183
n=343500
0,212
0,208
0,187
0,218
0,192
n=344500
0,190
0,187
0,194
0,189
0,197
n=345500
0,205
0,199
0,223
0,203
0,210
n=346500
0,202
0,190
0,179
0,220
0,187
n=347500
0,225
0,193
0,207
0,191
0,179
n=348500
0,216
0,219
0,224
0,205
0,253
n=349500
0,234
0,192
0,206
0,219
0,166
n=350500
0,188
0,183
0,207
0,188
0,224
n=351500
0,245
0,239
0,223
0,172
0,178
n=352500
0,183
0,175
0,179
0,177
0,166
n=353500
0,183
0,181
0,171
0,149
0,175
n=354500
0,171
0,173
0,302
0,241
0,261
n=355500
0,221
0,331
0,287
0,301
0,274
n=356500
0,279
0,312
0,244
0,280
0,288
n=357500
0,320
0,315
0,281
0,276
0,331
n=358500
0,296
0,289
0,296
0,308
0,306
n=359500
0,297
0,316
0,324
0,358
0,324
n=360500
0,322
0,241
0,260
0,293
0,322
n=361500
0,311
0,310
0,284
0,335
0,297
n=362500
0,331
0,259
0,259
0,227
0,268
n=363500
0,325
0,283
0,245
0,266
0,285
n=364500
0,326
0,371
0,293
0,331
0,327
n=365500
0,302
0,293
0,340
0,297
0,309
n=366500
0,315
0,251
0,310
0,248
0,204
n=367500
0,216
0,249
0,188
0,202
0,204
n=368500
0,198
0,187
0,189
0,195
0,189
n=369500
0,195
0,213
0,205
0,212
0,230
n=370500
0,249
0,196
0,269
0,259
0,225
n=371500
0,245
0,196
0,205
0,187
0,194
n=372500
0,201
0,202
0,191
0,202
0,224
n=373500
0,221
0,190
0,189
0,218
0,234
n=374500
0,214
0,210
0,227
0,238
0,214
n=375500
0,200
0,219
0,219
0,189
0,268
n=376500
0,238
0,234
0,238
0,201
0,204
n=377500
0,226
0,217
0,232
0,208
0,244
n=378500
0,255
0,198
0,213
0,229
0,217
n=379500
0,190
0,193
0,205
0,186
0,215
n=380500
0,202
0,214
0,210
0,238
0,238
n=381500
0,211
0,211
0,193
0,170
0,193
n=382500
0,248
0,193
0,243
0,205
0,220
n=383500
0,232
0,222
0,236
0,227
0,208
n=384500
0,220
0,205
0,239
0,216
0,223
n=385500
0,247
0,231
0,228
0,237
0,227
n=386500
0,250
0,279
0,192
0,239
0,231
n=387500
0,224
0,210
0,235
0,246
0,223
n=388500
0,220
0,225
0,231
0,292
0,249
n=389500
0,230
0,223
0,205
0,225
0,233
n=390500
0,238
0,226
0,218
0,254
0,286
n=391500
0,239
0,249
0,229
0,240
0,264
n=392500
0,198
0,216
0,272
0,219
0,237
n=393500
0,254
0,249
0,237
0,238
0,252
n=394500
0,224
0,232
0,250
0,209
0,234
n=395500
0,217
0,231
0,229
0,243
0,225
n=396500
0,223
0,225
0,238
0,235
0,252
n=397500
0,216
0,234
0,228
0,282
0,423
n=398500
0,378
0,292
0,296
0,338
0,347
n=399500
0,276
0,323
0,257
0,240
0,227
n=400500
0,246
0,226
0,193
0,193
0,206
n=401500
0,206
0,233
0,243
0,241
0,246
n=402500
0,244
0,220
0,241
0,249
0,235
n=403500
0,236
0,208
0,228
0,239
0,291
n=404500
0,281
0,274
0,267
0,230
0,227
n=405500
0,363
0,293
0,256
0,267
0,241
n=406500
0,233
0,248
0,214
0,255
0,263
n=407500
0,224
0,402
0,232
0,246
0,215
n=408500
0,217
0,243
0,246
0,257
0,273
n=409500
0,253
0,230
0,216
0,268
0,231
n=410500
0,271
0,269
0,278
0,330
0,323
n=411500
0,412
0,361
0,319
0,305
0,311
n=412500
0,387
0,391
0,382
0,396
0,441
n=413500
0,431
0,411
0,441
0,412
0,464
n=414500
0,441
0,495
0,485
0,492
0,466
n=415500
0,453
0,461
0,448
0,434
0,439
n=416500
0,462
0,396
0,430
0,436
0,449
n=417500
0,468
0,482
0,491
0,429
0,505
n=418500
0,510
0,465
0,505
0,510
0,464
n=419500
0,447
0,464
0,433
0,444
0,474
n=420500
0,513
0,493
0,540
0,644
0,627
n=421500
0,503
0,427
0,420
0,411
0,415
n=422500
0,441
0,445
0,426
0,405
0,462
n=423500
0,409
0,461
0,469
0,511
0,454
n=424500
0,453
0,483
0,441
0,458
0,440
n=425500
0,491
0,459
0,452
0,472
0,518
n=426500
0,496
0,500
0,486
0,645
0,433
n=427500
0,388
0,539
0,567
0,507
0,490
n=428500
0,548
0,524
0,442
0,407
0,443
n=429500
0,612
0,625
0,473
0,546
0,479
n=430500
0,580
0,532
0,471
0,503
0,454
n=431500
0,518
0,486
0,491
0,515
0,489
n=432500
0,483
0,471
0,503
0,497
0,434
n=433500
0,489
0,519
0,557
0,473
0,476
n=434500
0,519
0,489
0,495
0,511
0,499
n=435500
0,459
0,467
0,479
0,427
0,488
n=436500
0,487
0,466
0,511
0,479
0,485
n=437500
0,463
0,460
0,509
0,517
0,480
n=438500
0,481
0,497
0,507
0,741
0,691
n=439500
0,594
0,553
0,669
0,464
0,424
n=440500
0,447
0,371
0,386
0,394
0,416
n=441500
0,383
0,387
0,418
0,415
0,411
n=442500
0,719
0,607
0,486
0,590
0,684
n=443500
0,480
0,462
0,476
0,455
0,478
n=444500
0,474
0,485
0,491
0,508
0,537
n=445500
0,517
0,481
0,472
0,490
0,474
n=446500
0,494
0,569
0,565
0,519
0,552
n=447500
0,541
0,548
0,522
0,531
0,560
n=448500
0,470
0,470
0,480
0,487
0,492
n=449500
0,463
0,574
0,513
0,573
0,524
n=450500
0,544
0,534
0,502
0,539
0,491
n=451500
0,626
0,500
0,505
0,615
0,569
n=452500
0,500
0,523
0,468
0,542
0,468
n=453500
0,488
0,485
0,516
0,465
0,523
n=454500
0,489
0,559
0,567
0,519
0,531
n=455500
0,553
0,531
0,531
0,523
0,590
n=456500
0,515
0,565
0,484
0,538
0,510
n=457500
0,489
0,487
0,505
0,534
0,563
n=458500
0,547
0,560
0,523
0,508
0,551
n=459500
0,619
0,510
0,546
0,408
0,463
n=460500
0,581
0,553
0,549
0,498
0,510
n=461500
0,503
0,427
0,511
0,470
0,464
n=462500
0,613
0,530
0,676
0,667
0,561
n=463500
0,495
0,605
0,577
0,455
0,453
n=464500
0,417
0,430
0,451
0,698
0,709
n=465500
0,541
0,521
0,459
0,454
0,478
n=466500
0,442
0,483
0,435
0,467
0,457
n=467500
0,450
0,458
0,455
0,451
0,432
n=468500
0,459
0,435
0,486
0,650
0,599
n=469500
0,488
0,458
0,491
0,465
0,518
n=470500
0,500
0,549
0,593
0,544
0,533
n=471500
0,464
0,455
0,550
0,539
0,561
n=472500
0,454
0,452
0,420
0,478
0,526
n=473500
0,500
0,624
0,554
0,603
0,619
n=474500
0,577
0,745
0,551
0,490
0,483
n=475500
0,482
0,482
0,478
0,442
0,436
n=476500
0,479
0,610
0,532
0,651
0,532
n=477500
0,468
0,467
0,530
0,477
0,639
n=478500
0,652
0,584
0,581
0,535
0,585
n=479500
0,629
0,593
0,659
0,553
0,599
n=480500
0,603
0,627
0,688
0,582
0,549
n=481500
0,579
0,555
0,520
0,580
0,556
n=482500
0,523
0,530
0,559
0,536
0,592
n=483500
0,504
0,532
0,529
0,609
0,523
n=484500
0,575
0,563
0,544
0,518
0,500
n=485500
0,529
0,552
0,533
0,544
0,532
n=486500
0,534
0,524
0,554
0,566
0,551
n=487500
0,603
0,560
0,599
0,660
0,542
n=488500
0,536
0,544
0,583
0,506
0,559
n=489500
0,875
0,800
0,722
0,592
0,589
n=490500
0,571
0,634
0,605
0,573
0,527
n=491500
0,476
0,532
0,476
0,497
0,593
n=492500
0,579
0,538
0,596
0,562
0,578
n=493500
0,572
0,571
0,636
0,578
0,583
n=494500
0,549
0,679
0,540
0,534
0,542
n=495500
0,591
0,591
0,591
0,571
0,554
n=496500
0,568
0,495
0,567
0,528
0,646
n=497500
0,584
0,583
0,672
0,604
0,597
n=498500
0,569
0,544
0,545
0,593
0,575
n=499500
0,516
0,522
0,571
0,568
0,542
n=500500
0,573
0,577
0,575
0,575
0,559
n=501500
0,587
0,590
0,568
0,579
0,515
n=502500
0,511
0,587
0,600
0,582
0,569
n=503500
0,556
0,611
0,752
0,632
0,568
n=504500
0,569
0,630
0,546
0,570
0,610
n=505500
0,625
0,611
0,577
0,566
0,593
n=506500
0,601
0,581
0,576
0,552
0,570
n=507500
0,569
0,496
0,534
0,508
0,574
n=508500
0,615
0,553
0,612
0,648
0,544
n=509500
0,685
0,608
0,547
0,562
0,579
n=510500
0,587
0,716
0,624
0,659
0,587
n=511500
0,572
0,570
0,586
0,562
0,580
n=512500
0,502
0,540
0,621
0,596
0,560
n=513500
0,619
0,584
0,612
0,562
0,572
n=514500
0,566
0,614
0,635
0,587
0,594
n=515500
0,571
0,525
0,559
0,566
0,558
n=516500
0,661
0,705
0,780
0,644
0,584
n=517500
0,554
0,540
0,579
0,687
0,615
n=518500
0,555
0,614
0,658
0,590
0,599
n=519500
0,630
0,612
0,639
0,605
0,742
n=520500
0,655
0,631
0,639
0,574
0,577
n=521500
0,766
0,735
0,599
0,734
0,773
n=522500
0,539
0,628
0,596
0,611
0,626
n=523500
0,611
0,923
0,597
0,619
0,606
n=524500
0,654
0,630
0,622
0,724
0,604
n=525500
0,615
0,709
0,797
0,641
0,623
n=526500
0,596
0,643
0,613
0,581
0,616
n=527500
0,604
0,669
0,590
0,654
0,601
n=528500
0,558
0,608
0,695
0,771
0,624
n=529500
0,728
0,678
0,708
0,755
0,658
n=530500
0,679
0,611
0,632
0,591
0,640
n=531500
0,617
0,581
0,574
0,571
0,564
n=532500
0,615
0,674
0,625
0,628
0,646
n=533500
0,650
0,582
0,627
0,611
0,680
n=534500
0,582
0,598
0,635
0,614
0,614
n=535500
0,736
0,724
0,582
0,732
0,644
n=536500
0,564
0,653
0,586
0,588
0,610
n=537500
0,591
0,650
0,694
0,576
0,674
n=538500
0,659
0,614
0,604
0,587
0,634
n=539500
0,616
0,566
0,628
0,627
0,619
n=540500
0,618
0,660
0,591
0,625
0,653
n=541500
0,611
0,666
0,705
0,703
0,734
n=542500
0,708
0,687
0,681
0,703
0,654
n=543500
0,943
0,812
0,989
0,534
0,564
n=544500
0,520
0,534
0,549
0,479
0,486
n=545500
0,593
0,582
0,678
0,719
0,609
n=546500
0,641
0,574
0,552
0,614
0,577
n=547500
0,528
0,547
0,585
0,599
0,673
n=548500
0,744
0,718
0,696
0,706
0,700
n=549500
0,705
0,714
0,739
0,723
0,697
n=550500
0,759
0,732
0,767
0,759
0,588
n=551500
0,566
0,572
0,543
0,528
0,572
n=552500
0,532
0,563
0,505
0,696
0,656
n=553500
0,746
0,748
0,725
0,731
0,754
n=554500
0,744
0,723
0,778
0,764
0,569
n=555500
0,517
0,550
0,527
0,545
0,528
n=556500
0,568
0,611
0,577
0,566
0,626
n=557500
0,534
0,569
0,603
0,559
0,554
n=558500
0,537
0,585
0,568
0,536
0,573
n=559500
0,579
0,740
0,750
0,885
0,701
n=560500
0,794
0,678
0,715
0,557
0,563
n=561500
0,602
1,083
0,744
1,015
0,673
n=562500
0,760
0,655
0,708
0,891
0,651
n=563500
0,551
0,610
0,659
0,599
0,755
n=564500
0,784
0,791
0,712
0,714
0,653
n=565500
0,723
0,699
0,650
0,707
0,674
n=566500
0,647
0,664
0,702
0,693
0,655
n=567500
0,700
0,634
0,685
0,667
0,719
n=568500
0,667
0,702
0,834
0,751
0,741
n=569500
0,737
0,745
0,883
0,739
0,725
n=570500
0,699
0,909
0,749
0,711
0,754
n=571500
0,630
0,656
0,738
0,781
0,760
n=572500
0,761
0,855
0,788
0,751
0,802
n=573500
0,823
0,803
0,832
0,809
0,836
n=574500
0,819
0,778
0,881
0,828
0,743
n=575500
0,848
0,860
0,794
0,873
0,807
n=576500
0,879
0,889
0,737
0,803
0,780
n=577500
0,849
0,785
0,838
0,749
0,804
n=578500
0,820
0,764
0,819
0,765
0,828
n=579500
0,722
0,221
0,932
0,720
0,809
n=580500
0,818
0,746
0,861
0,774
0,733
n=581500
0,795
0,763
0,829
0,826
0,792
n=582500
0,816
0,794
0,793
0,805
0,820
n=583500
0,817
0,839
0,788
0,786
0,914
n=584500
0,728
0,803
0,755
0,772
0,780
n=585500
0,774
0,776
0,793
0,762
0,724
n=586500
0,820
0,833
0,886
0,861
0,835
n=587500
0,802
0,765
0,815
0,766
0,774
n=588500
0,828
0,823
0,805
0,776
0,822
n=589500
0,861
0,863
0,808
0,788
0,810
n=590500
0,806
0,879
0,825
0,820
0,888
n=591500
0,967
0,743
0,879
0,871
0,791
n=592500
0,803
0,780
0,773
0,840
0,831
n=593500
0,861
0,815
0,843
0,851
0,799
n=594500
0,897
0,811
0,805
0,808
0,819
n=595500
0,770
0,798
0,800
0,794
0,757
n=596500
0,826
0,804
0,783
0,762
0,915
n=597500
0,882
0,832
0,910
0,870
0,829
n=598500
0,844
0,868
0,909
0,860
0,921
n=599500
0,912
0,842
0,897
0,883
0,925
n=600500
0,836
0,867
0,752
0,730
0,765
n=601500
0,896
1,068
0,734
0,751
0,719
n=602500
0,927
0,885
0,857
0,841
0,874
n=602500
0,680
0,650
0,650
0,635
0,636
n=603500
0,618
0,631
0,571
0,565
0,600
n=604500
0,607
0,629
0,613
0,610
0,572
n=605500
0,646
0,633
0,592
0,651
0,628
n=606500
0,656
0,611
0,635
0,735
0,607
n=607500
0,604
0,587
0,658
0,773
0,636
n=608500
0,613
0,566
0,543
0,616
0,592
n=609500
0,644
0,642
0,619
0,620
0,576
n=610500
0,630
0,657
0,649
0,675
0,634
n=611500
0,588
0,541
0,583
0,614
0,620
n=612500
0,621
0,634
0,601
0,643
0,696
n=613500
0,680
0,652
0,614
0,607
0,684
n=614500
0,644
0,688
0,680
0,636
0,662
n=615500
0,681
0,587
0,685
0,700
0,696
n=616500
0,711
0,613
0,610
0,634
0,521
n=617500
0,655
0,673
0,617
0,664
0,629
n=618500
0,696
0,669
0,701
0,649
0,695
n=619500
0,662
0,614
0,564
0,580
0,593
n=620500
0,698
0,684
0,653
0,640
0,636
n=621500
0,671
0,678
0,656
0,638
0,728
n=622500
0,651
0,604
0,635
0,635
0,652
n=623500
0,648
0,687
0,677
0,637
0,701
n=624500
0,626
0,595
0,569
0,595
0,654
n=625500
0,612
0,635
0,649
0,676
0,598
n=626500
0,636
0,611
0,685
0,683
0,649
n=627500
0,623
0,583
0,600
0,576
0,593
n=628500
0,671
0,661
0,594
0,623
0,678
n=629500
0,656
0,611
0,636
0,709
0,670
n=630500
0,626
0,619
0,649
0,657
0,671
n=631500
0,668
0,659
0,694
0,645
0,629
n=632500
0,614
0,604
0,590
0,612
0,600
n=633500
0,634
0,652
0,631
0,626
0,683
n=634500
0,646
0,620
0,664
0,608
0,634
n=635500
0,625
0,632
0,600
0,603
0,635
n=636500
0,669
0,676
0,594
0,675
0,614
n=637500
0,661
0,661
0,682
0,668
0,643
n=638500
0,697
0,681
0,653
0,648
0,663
n=639500
0,706
0,737
0,712
0,666
0,690
n=640500
0,625
0,653
0,628
0,618
0,643
n=641500
0,648
0,655
0,688
0,653
0,644
n=642500
0,690
0,702
0,659
0,659
0,765
n=643500
0,657
0,667
0,639
0,622
0,602
n=644500
0,662
0,691
0,782
0,725
0,687
n=645500
0,706
0,686
0,688
0,677
0,703
n=646500
0,712
0,662
0,671
0,728
0,715
n=647500
0,673
0,643
0,708
0,676
0,678
n=648500
0,638
0,616
0,636
0,661
0,636
n=649500
0,651
0,685
0,682
0,678
0,687
n=650500
0,677
0,733
0,735
0,690
0,703
n=651500
0,699
0,653
0,686
0,678
0,673
n=652500
0,694
0,671
0,687
0,673
0,662
n=653500
0,709
0,665
0,710
0,693
0,669
n=654500
0,729
0,741
0,667
0,651
0,665
n=655500
0,728
0,711
0,652
0,692
0,690
n=656500
0,656
0,618
0,681
0,684
0,656
n=657500
0,643
0,670
0,651
0,712
0,695
n=658500
0,722
0,684
0,696
0,726
0,704
n=659500
0,709
0,684
0,686
0,715
0,698
n=660500
0,646
0,693
0,691
0,748
0,750
n=661500
0,663
0,682
0,692
0,660
0,674
n=662500
0,660
0,646
0,676
0,674
0,715
n=663500
0,788
0,683
0,686
0,692
0,689
n=664500
0,662
0,651
0,633
0,677
0,653
n=665500
0,697
0,731
0,759
0,734
0,682
n=666500
0,713
0,671
0,705
0,766
0,704
n=667500
0,702
0,631
0,645
0,646
0,646
n=668500
0,688
0,700
0,722
0,703
0,711
n=669500
0,708
0,722
0,712
0,669
0,713
n=670500
0,722
0,692
0,721
0,702
0,714
n=671500
0,731
0,676
0,752
0,687
0,677
n=672500
0,703
0,679
0,705
0,714
0,672
n=673500
0,778
0,732
0,688
0,696
0,700
n=674500
0,669
0,677
0,709
0,703
0,730
n=675500
0,669
0,628
0,644
0,629
0,627
n=676500
0,656
0,716
0,664
0,690
0,712
n=677500
0,713
0,662
0,700
0,722
0,683
n=678500
0,725
0,713
0,692
0,711
0,728
n=679500
0,674
0,720
0,683
0,688
0,672
n=680500
0,656
0,657
0,687
0,672
0,644
n=681500
0,670
0,654
0,714
0,693
0,671
n=682500
0,678
0,690
0,634
0,688
0,695
n=683500
0,653
0,644
0,642
0,636
0,665
n=684500
0,706
0,685
0,685
0,715
0,690
n=685500
0,733
0,705
0,725
0,702
0,699
n=686500
0,741
0,662
0,731
0,721
0,720
n=687500
0,673
0,716
0,676
0,715
0,696
n=688500
0,735
0,676
0,665
0,696
0,702
n=689500
0,716
0,703
0,680
0,726
0,722
n=690500
0,730
0,714
0,716
0,719
0,722
n=691500
0,642
0,653
0,696
0,687
0,654
n=692500
0,722
0,719
0,695
0,762
0,720
n=693500
0,711
0,706
0,703
0,740
0,698
n=694500
0,671
0,721
0,729
0,710
0,723
n=695500
0,719
0,776
0,717
0,699
0,716
n=696500
0,718
0,678
0,743
0,707
0,709
n=697500
0,717
0,703
0,717
0,721
0,741
n=698500
0,736
0,729
0,735
0,733
0,760
n=699500
0,632
0,674
0,687
0,682
0,697
n=700500
0,698
0,737
0,733
0,737
0,731
n=701500
0,673
0,748
0,704
0,735
0,712
n=702500
0,703
0,740
0,744
0,692
0,738
n=703500
0,687
0,739
0,740
0,744
0,720
n=704500
0,765
0,711
0,666
0,684
0,666
n=705500
0,731
0,742
0,728
0,689
0,722
n=706500
0,743
0,731
0,749
0,709
0,712
n=707500
0,705
0,695
0,674
0,684
0,680
n=708500
0,710
0,734
0,718
0,741
0,754
n=709500
0,724
0,743
0,739
0,756
0,743
n=710500
0,713
0,777
0,738
0,761
0,710
n=711500
0,771
0,707
0,723
0,735
0,745
n=712500
0,659
0,700
0,686
0,677
0,676
n=713500
0,723
0,777
0,764
0,749
0,732
n=714500
0,751
0,722
0,687
0,721
0,699
n=715500
0,689
0,713
0,696
0,685
0,640
n=716500
0,764
0,783
0,748
0,734
0,751
n=717500
0,706
0,762
0,704
0,719
0,734
n=718500
0,707
0,735
0,704
0,713
0,737
n=719500
0,749
0,781
0,755
0,721
0,744
n=720500
0,678
0,696
0,671
0,681
0,674
n=721500
0,726
0,769
0,732
0,778
0,794
n=722500
0,773
0,768
0,772
0,719
0,789
n=723500
0,675
0,713
0,698
0,677
0,696
n=724500
0,753
0,732
0,731
0,772
0,778
n=725500
0,780
0,798
0,812
0,765
0,702
n=726500
0,774
0,752
0,725
0,723
0,756
n=727500
0,759
0,736
0,789
0,772
0,815
n=728500
0,718
0,743
0,689
0,715
0,711
n=729500
0,716
0,722
0,757
0,759
0,747
n=730500
0,752
0,750
0,771
0,786
0,740
n=731500
0,682
0,722
0,679
0,665
0,691
n=732500
0,772
0,803
0,807
0,762
0,748
n=733500
0,766
0,766
0,776
0,776
0,800
n=734500
0,734
0,757
0,768
0,734
0,751
n=735500
0,770
0,799
0,755
0,775
0,772
n=736500
0,708
0,677
0,731
0,708
0,719
n=737500
0,789
0,768
0,756
0,788
0,785
n=738500
0,773
0,763
0,764
0,762
0,753
n=739500
0,703
0,703
0,717
0,705
0,721
n=740500
0,766
0,776
0,744
0,742
0,768
n=741500
0,807
0,812
0,745
0,776
0,794
n=742500
0,758
0,797
0,805
0,752
0,751
n=743500
0,746
0,771
0,811
0,735
0,754
n=744500
0,723
0,741
0,714
0,713
0,758
n=745500
0,756
0,810
0,817
0,761
0,786
n=746500
0,803
0,800
0,775
0,763
0,802
n=747500
0,680
0,764
0,774
0,763
0,747
n=748500
0,812
0,823
0,788
0,774
0,769
n=749500
0,749
0,769
0,756
0,781
0,743
n=750500
0,802
0,749
0,791
0,823
0,783
n=751500
0,771
0,805
0,820
0,812
0,777
n=752500
0,751
0,757
0,755
0,696
0,718
n=753500
0,813
0,820
0,788
0,808
0,810
n=754500
0,850
0,822
0,807
0,801
0,777
n=755500
0,755
0,739
0,773
0,786
0,737
n=756500
0,808
0,781
0,795
0,780
0,816
n=757500
0,800
0,784
0,787
0,785
0,768
n=758500
0,766
0,815
0,792
0,749
0,799
n=759500
0,787
0,800
0,822
0,790
0,752
n=760500
0,700
0,741
0,767
0,712
0,688
n=761500
0,767
0,785
0,784
0,790
0,813
n=762500
0,748
0,791
0,801
0,793
0,797
n=763500
0,740
0,750
0,761
0,724
0,764
n=764500
0,759
0,776
0,763
0,804
0,808
n=765500
0,741
0,826
0,766
0,799
0,831
n=766500
0,744
0,858
0,812
0,781
0,869
n=767500
0,870
0,791
0,782
0,796
0,736
n=768500
0,779
0,728
0,794
0,778
0,842
n=769500
0,795
0,858
0,799
0,831
0,752
n=770500
0,781
0,820
0,807
0,808
0,778
n=771500
0,748
0,740
0,750
0,786
0,742
n=772500
0,832
0,800
0,817
0,825
0,853
n=773500
0,778
0,770
0,824
0,817
0,820
n=774500
0,813
0,808
0,823
0,845
0,837
n=775500
0,782
0,829
0,816
0,843
0,818
n=776500
0,770
0,815
0,744
0,779
0,814
n=777500
0,850
0,823
0,806
0,847
0,820
n=778500
0,836
0,852
0,822
0,851
0,843
n=779500
0,726
0,780
0,768
0,720
0,780
n=780500
0,845
0,870
0,795
0,810
0,809
n=781500
0,835
0,851
0,843
0,828
0,848
n=782500
0,901
0,812
0,825
0,866
0,853
n=783500
0,838
0,836
0,785
0,844
0,798
n=784500
0,778
0,782
0,763
0,730
0,747
n=785500
0,868
0,838
0,853
0,841
0,831
n=786500
0,860
0,856
0,847
0,842
0,864
n=787500
0,768
0,787
0,773
0,803
0,784
n=788500
0,848
0,814
0,826
0,836
0,806
n=789500
0,874
0,827
0,880
0,855
0,860
n=790500
0,815
0,793
0,835
0,875
0,876
n=791500
0,839
0,820
0,780
0,879
0,857
n=792500
0,786
0,751
0,769
0,762
0,767
n=793500
0,877
0,825
0,779
0,800
0,860
n=794500
0,825
0,831
0,816
0,804
0,844
n=795500
0,799
0,792
0,782
0,805
0,826
n=796500
0,809
0,847
0,816
0,807
0,841
n=797500
0,875
0,876
0,843
0,811
0,839
n=798500
0,824
0,890
0,859
0,840
0,853
n=799500
0,804
0,864
0,807
0,840
0,853
n=800500
0,802
0,796
0,757
0,805
0,805
n=801500
0,839
0,854
0,828
0,846
0,864
n=802500
0,843
0,832
0,831
0,866
0,873
n=803500
0,815
0,792
0,802
0,795
0,822
n=804500
0,855
0,870
0,836
0,834
0,844
n=805500
0,853
0,868
0,871
0,891
0,830
n=806500
0,867
0,843
0,879
0,821
0,861
n=807500
0,899
0,980
0,915
0,847
0,871
n=808500
0,826
0,799
0,916
0,835
0,869
n=809500
0,855
1,006
0,904
0,968
0,917
n=810500
0,890
0,928
0,983
0,944
0,978
n=811500
1,016
0,912
0,820
0,890
0,893
n=812500
0,997
0,934
0,856
0,875
0,935
n=813500
0,842
0,907
0,900
0,852
0,955
n=814500
0,863
0,898
0,909
0,921
0,931
n=815500
0,949
0,851
0,932
0,905
0,955
n=816500
0,810
0,824
0,886
0,841
0,843
n=817500
1,001
0,959
0,954
0,879
0,882
n=818500
0,934
0,902
0,855
0,845
0,875
n=819500
0,865
0,890
0,824
0,874
0,870
n=820500
0,990
0,979
0,993
1,085
1,021
n=821500
1,205
1,098
1,145
1,123
1,070
n=822500
1,258
1,288
1,233
1,179
1,335
n=823500
1,464
1,427
1,264
1,332
1,511
n=824500
1,468
1,426
1,328
1,295
1,472
n=825500
1,486
1,558
1,533
1,601
1,529
n=826500
1,566
1,757
1,687
1,630
1,664
n=827500
1,856
1,852
1,899
1,883
1,931
n=828500
1,861
1,786
1,929
1,908
1,891
n=829500
1,959
1,940
1,995
1,919
1,894
n=830500
1,913
2,014
1,981
1,901
1,810
n=831500
1,739
1,725
1,724
1,838
1,828
n=832500
1,722
1,702
1,697
1,709
1,613
n=833500
1,842
1,919
1,695
1,801
1,741
n=834500
1,852
1,906
1,887
1,905
1,928
n=835500
1,795
1,702
1,810
1,575
1,684
n=836500
1,932
1,934
1,898
1,994
1,784
n=837500
1,788
1,655
1,887
1,864
1,692
n=838500
1,873
1,976
1,915
1,999
1,843
n=839500
1,821
1,809
1,803
1,864
1,687
n=840500
1,563
1,630
1,558
1,638
1,653
n=841500
1,743
1,701
1,807
1,769
1,707
n=842500
1,758
1,822
1,739
1,727
1,751
n=843500
1,591
1,638
1,516
1,592
1,597
n=844500
1,755
1,702
1,741
1,759
1,758
n=845500
1,663
1,670
1,676
1,730
1,683
n=846500
1,736
1,695
1,708
1,742
1,644
n=847500
1,774
1,712
1,721
1,747
1,704
n=848500
1,673
1,659
1,652
1,668
1,637
n=849500
1,717
1,701
1,708
1,743
1,702
n=850500
1,710
1,782
1,736
1,777
1,672
n=851500
1,648
1,657
1,611
1,603
1,548
n=852500
1,730
1,724
1,713
1,731
1,717
n=853500
1,731
1,756
1,735
1,741
1,788
n=854500
1,761
1,776
1,782
1,785
1,782
n=855500
1,730
1,721
1,743
1,822
1,727
n=856500
1,693
1,719
1,653
1,708
1,650
n=857500
1,759
1,723
1,732
1,751
1,804
n=858500
1,788
1,808
1,746
1,768
1,784
n=859500
1,622
1,652
1,602
1,587
1,586
n=860500
1,665
1,744
1,765
1,770
1,806
n=861500
1,785
1,807
1,796
1,813
1,826
n=862500
1,750
1,817
1,753
1,717
1,813
n=863500
1,740
1,750
1,741
1,769
1,837
n=864500
1,731
1,701
1,739
1,761
1,727
n=865500
1,806
1,822
1,817
1,754
1,815
n=866500
1,754
1,768
1,823
1,834
1,709
n=867500
1,671
1,623
1,579
1,623
1,655
n=868500
1,815
1,828
1,811
1,833
1,807
n=869500
1,761
1,770
1,796
1,812
1,781
n=870500
1,780
1,762
1,765
1,783
1,746
n=871500
1,773
1,805
1,755
1,790
1,817
n=872500
1,800
1,706
1,769
1,698
1,794
n=873500
1,777
1,802
1,798
1,835
1,819
n=874500
1,823
1,734
1,761
1,884
1,836
n=875500
1,672
1,600
1,640
1,656
1,630
n=876500
1,813
1,847
1,802
1,727
1,824
n=877500
1,763
1,787
1,770
1,805
1,808
n=878500
1,752
1,727
1,836
1,759
1,752
n=879500
1,786
1,842
1,804
1,752
1,841
n=880500
1,649
1,673
1,648
1,657
1,695
n=881500
1,800
1,839
1,828
1,824
1,781
n=882500
1,857
1,812
1,744
1,850
1,771
n=883500
1,702
1,666
1,682
1,652
1,668
n=884500
1,808
1,830
1,888
1,852
1,825
n=885500
1,840
1,839
1,811
1,820
1,807
n=886500
1,809
1,803
1,836
1,813
1,775
n=887500
1,822
1,793
1,848
1,921
1,796
n=888500
1,708
1,717
1,712
1,721
1,654
n=889500
1,773
1,867
1,839
1,777
1,804
n=890500
1,848
1,852
1,787
1,804
1,792
n=891500
1,722
1,744
1,665
1,679
1,686
n=892500
1,755
1,924
1,869
1,896
1,848
n=893500
1,856
1,883
1,883
1,905
1,857
n=894500
1,839
1,870
1,872
1,850
1,791
n=895500
1,789
1,868
1,881
1,853
1,843
n=896500
1,663
1,753
1,689
1,661
1,710
n=897500
1,790
1,868
1,792
1,908
1,849
n=898500
1,838
1,813
1,820
1,860
1,841
n=899500
1,754
1,679
1,729
1,740
1,672
n=900500
1,854
1,925
1,895
1,825
1,919
n=901500
1,905
1,880
1,894
1,856
1,877
n=902500
1,925
1,813
1,858
1,804
1,924
n=903500
1,851
1,840
1,929
1,908
1,827
n=904500
1,717
1,741
1,749
1,778
1,680
n=905500
1,803
1,859
1,864
1,885
1,844
n=906500
1,832
1,849
1,818
1,828
1,810
n=907500
1,724
1,749
1,734
1,703
1,771
n=908500
1,929
1,875
1,884
1,949
1,929
n=909500
1,900
1,868
1,835
1,840
1,898
n=910500
1,908
1,899
1,825
1,838
1,903
n=911500
1,724
1,882
1,835
1,824
1,834
n=912500
1,751
1,744
1,784
1,728
1,742
n=913500
1,985
1,961
1,926
1,906
1,947
n=914500
1,916
1,915
1,871
1,918
1,886
n=915500
1,733
1,699
1,759
1,749
1,762
n=916500
1,987
1,937
1,855
1,917
1,845
n=917500
1,930
1,916
1,850
1,863
1,860
n=918500
1,970
1,947
1,897
1,932
1,893
n=919500
1,861
1,930
1,899
1,937
1,934
n=920500
1,750
1,715
1,699
1,732
1,764
n=921500
1,901
1,867
1,933
1,877
1,906
n=922500
1,848
1,951
1,979
1,855
1,857
n=923500
1,778
1,774
1,828
1,761
1,816
n=924500
1,876
1,926
1,962
1,846
1,930
n=925500
1,968
1,909
1,930
1,965
1,934
n=926500
1,939
1,904
1,924
1,968
1,876
n=927500
1,833
1,973
1,912
1,973
1,932
n=928500
1,780
1,854
1,741
1,711
1,707
n=929500
1,967
1,885
1,954
1,930
1,926
n=930500
1,921
2,010
1,865
1,891
1,883
n=931500
1,769
1,754
1,841
1,819
1,813
n=932500
1,971
1,921
1,962
1,971
1,890
n=933500
1,996
1,942
1,926
1,978
1,899
n=934500
1,894
1,948
1,940
1,885
1,916
n=935500
1,876
1,903
1,931
1,897
1,900
n=936500
1,787
1,833
1,833
1,797
1,822
n=937500
1,916
2,012
1,971
1,934
1,936
n=938500
1,901
1,977
1,931
1,919
1,958
n=939500
1,855
1,780
1,803
1,767
1,782
n=940500
1,951
1,977
2,187
1,986
1,995
n=941500
1,947
1,981
1,916
1,976
1,949
n=942500
1,892
1,898
1,926
1,987
1,937
n=943500
1,944
1,945
1,927
1,950
1,914
n=944500
1,804
1,845
1,798
1,789
1,853
n=945500
1,902
1,965
1,960
2,000
1,990
n=946500
1,944
1,963
1,981
1,926
1,926
n=947500
1,813
1,867
1,804
1,866
1,921
n=948500
1,957
1,998
1,993
2,012
1,953
n=949500
1,946
1,978
1,991
2,003
1,981
n=950500
1,946
2,013
1,979
2,004
1,963
n=951500
1,964
1,985
1,928
1,942
1,995
n=952500
1,782
1,890
1,790
1,788
1,763
n=953500
1,953
1,947
1,989
1,958
1,997
n=954500
2,039
2,064
2,007
1,981
2,008
n=955500
1,914
1,861
1,809
1,893
1,830
n=956500
2,024
1,958
2,049
2,029
1,957
n=957500
1,996
1,950
2,004
2,053
1,997
n=958500
1,961
2,046
1,989
2,022
2,096
n=959500
2,005
1,997
1,975
1,977
2,004
n=960500
1,863
1,885
1,792
1,828
1,849
n=961500
2,039
2,023
1,975
1,992
2,050
n=962500
2,014
1,957
2,027
2,069
1,946
n=963500
1,805
1,839
1,878
1,965
1,883
n=964500
2,071
1,942
1,958
1,955
1,962
n=965500
1,948
1,989
2,029
2,006
2,023
n=966500
2,011
1,950
2,040
1,956
2,122
n=967500
1,952
1,966
1,999
1,989
2,144
n=968500
1,844
1,866
1,875
1,952
1,890
n=969500
2,029
1,933
1,982
1,945
2,029
n=970500
1,980
1,984
2,026
2,099
1,960
n=971500
1,874
1,877
1,892
1,887
1,972
n=972500
2,045
1,970
1,980
2,043
2,026
n=973500
2,031
2,030
2,041
2,034
2,021
n=974500
1,987
2,111
1,927
1,902
2,019
n=975500
2,016
2,147
1,992
2,003
2,001
n=976500
1,798
1,875
1,869
1,934
1,897
n=977500
2,015
2,027
2,026
2,057
2,029
n=978500
2,032
2,081
2,025
2,096
2,058
n=979500
1,947
1,909
1,908
1,922
1,922
n=980500
1,959
1,949
2,032
1,955
2,023
n=981500
2,028
2,068
2,015
2,068
2,051
n=982500
2,055
2,097
2,012
2,039
2,068
n=983500
2,155
2,059
1,996
2,046
2,112
n=984500
1,946
1,859
1,901
1,947
1,939
n=985500
2,010
2,009
2,083
2,029
2,009
n=986500
2,030
2,066
2,070
2,058
2,013
n=987500
1,955
1,891
1,975
2,079
1,960
n=988500
2,015
2,083
2,092
1,967
2,047
n=989500
2,152
2,057
2,072
2,033
2,093
n=990500
2,050
2,075
2,031
1,986
1,975
n=991500
1,979
2,030
2,056
2,121
2,070
n=992500
1,888
1,870
1,920
1,901
1,944
n=993500
2,048
2,063
2,106
2,015
2,104
n=994500
2,135
2,086
2,132
2,087
2,163
n=995500
1,998
1,955
1,993
1,989
2,001
n=996500
2,074
2,126
2,052
2,034
2,117
n=997500
1,955
2,091
2,038
2,059
2,085
n=998500
2,076
2,066
2,071
2,089
2,112
n=999500
2,162
2,179
2,139
2,185
2,076
